4  0.9642992352540319   0.940465033590527   0.926313806611747   0.9556999633374578   0.9928267072772412   0.9862156674169869   0.9831349035810882   0.9688711129319704
4  0.9657757249943212   0.9432688136167795   0.9303349008374816   0.9571668942877243   0.9924168627917229   0.9857042665776854   0.9821894051833625   0.9697839274067994
4  0.9657000075717422   0.9433395472268892   0.9314233213290054   0.9561013901425124   0.9933352583123062   0.9876472181774536   0.9852121517407069   0.9704493493005454
4  0.9455697192461093   0.9043475969580358   0.8923913536503173   0.9298001064069402   0.9977716276426223   0.8310456225760701   0.9934241235260761   0.8209794519757072
4  0.9656421886812127   0.8821608932788404   0.8712576147933614   0.9058275251736214   0.9984153176335163   0.9543007680601356   0.9924972526394438   0.8445437056919629
0  0.9606120640216881   0.8752248070507876   0.853173993609928   0.9246588673421899   0.9980571683147272   0.9410148101260902   0.9887120650293127   0.8086403041017292
0  0.9672592669829518   0.9084439503173142   0.892830719373054   0.9357900337759227   0.9986182104920498   0.963752133681423   0.9877029875767207   0.8587599099296389
1  0.9691621917522548   0.8981300414289127   0.8776480991722003   0.9421318931644836   0.9986528482514271   0.9693618502036447   0.9889178989391311   0.8800344986455875
2  0.9682237630988999   0.9296607394256511   0.9188634581995101   0.9496178812902248   0.9989374083690142   0.9732963755110675   0.9954094111678223   0.9184864320557554
3  0.9684054117463048   0.9013508769728219   0.8835023181143558   0.9348584760639914   0.998707406461739   0.9738686883579528   0.9909598091174825   0.8789965576022333
4  0.9678840489038346   0.9110448439322977   0.8893988299195531   0.9506744173468545   0.9988893790920554   0.961165532619877   0.9950929864596065   0.8780079427958399
4  0.9659650185507686   0.9431353211088295   0.9326639719925494   0.954245760373043   0.9929793088139638   0.9858772558942643   0.9854758561389328   0.9690691411510106
4  0.9503401892547119   0.8826944859505754   0.8670952927642286   0.9097055949021442   0.9981180450090273   0.8621285872434314   0.9941803452103909   0.8224544413360722
4  0.9661635515236829   0.8933509849291337   0.883977753688459   0.9152896500351206   0.9984976514214556   0.9525473843084877   0.9931242364306268   0.8397426233975529
0  0.9647156810782161   0.9410524211809183   0.9220578226163445   0.9622339406422098   0.9941930539524217   0.9900163396741319   0.9867458453044459   0.9735371506036251
1  0.9669114863330053   0.9454996885659148   0.9312640812495264   0.9608687391381041   0.9940728169986834   0.9898404519493367   0.9855950103937815   0.9728838653539841
4  0.9657378662830317   0.9425053483608051   0.9304816153184169   0.9553748747933227   0.9935535604218869   0.9886619027147645   0.9859727616724471   0.9717881054315116
4  0.9664571817975316   0.9444943062135723   0.9319643470642774   0.9578788872118263   0.9938296030143046   0.9896672363429717   0.9870021917720301   0.9736984128592168
4  0.9680665258986992   0.9080130189482426   0.8913141182118819   0.9370519237168338   0.9987135851323159   0.960228927995517   0.9953674266900941   0.8650464146494025
3  0.9686921613096635   0.9105461832882529   0.8878659077015112   0.9488732238429003   0.9988278915872892   0.9742411232070425   0.9923746796324618   0.8686825234701968
4  0.9687964338781575   0.9082490323704969   0.8929929590433806   0.9344608087524267   0.998677138364998   0.9568451605192116   0.9953221219873236   0.8731412736943539
4  0.9655107140152949   0.9434080128666303   0.930361904304493   0.9575365697714006   0.9933856023432763   0.988387246132108   0.9865416311277002   0.9730928036814622
3  0.9673279321571894   0.9463952494730195   0.9306675631374902   0.963684633115375   0.9935811403511664   0.9883680274333267   0.9855785529702015   0.9708983053544803
3  0.9672900734458999   0.9471936582988357   0.9328238640679084   0.9628373159059197   0.9934786513703676   0.9889039121996661   0.9847485588170599   0.9730705745500456
