Y
0     100725
1      37701
2      34518
3      26509
4      16588
5      16229
6      12447
7       9120
8       5257
9       4904
10      4463
11      4207
12      3751
13      3555
14      3014
15      2835
16      2339
17      2224
18      2171
19      1821
20      1726
21      1397
22      1328
23      1302
24      1178
25      1009
26      1005
27       821
28       778
29       777
30       753
31       741
32       708
33       656
34       655
35       622
36       600
37       595
38       522
39       504
40       500
41       497
42       493
43       492
45       454
44       454
46       434
47       418
48       411
49       399
50       378
51       317
52       316
53       312
54       306
55       273
56       267
57       256
58       240
59       201
60       201
61       193
62       192
63       179
64       168
65       160
66       157
67       144
68       137
69       123
70       121
72       109
71       109
73       101
74       100
75        98
76        92
77        88
78        87
79        86
80        85
81        85
82        84
83        82
84        82
85        80
86        80
87        79
88        78
89        75
90        75
91        74
92        67
93        64
95        58
94        58
96        57
97        56
99        51
98        51
Name: count, dtype: int64